# Blender 4.3.0
# www.blender.org
mtllib Fries.mtl
o Cube
v -0.100000 -0.100000 1.000000
v -0.100000 0.100000 1.000000
v -0.100000 -0.100000 -1.000000
v -0.100000 0.100000 -1.000000
v 0.100000 -0.100000 1.000000
v 0.100000 0.100000 1.000000
v 0.100000 -0.100000 -1.000000
v 0.100000 0.100000 -1.000000
vn -1.0000 -0.0000 -0.0000
vn -0.0000 -0.0000 -1.0000
vn 1.0000 -0.0000 -0.0000
vn -0.0000 -0.0000 1.0000
vn -0.0000 -1.0000 -0.0000
vn -0.0000 1.0000 -0.0000
vt 0.375000 0.000000
vt 0.625000 0.000000
vt 0.625000 0.250000
vt 0.375000 0.250000
vt 0.625000 0.500000
vt 0.375000 0.500000
vt 0.625000 0.750000
vt 0.375000 0.750000
vt 0.625000 1.000000
vt 0.375000 1.000000
vt 0.125000 0.500000
vt 0.125000 0.750000
vt 0.875000 0.500000
vt 0.875000 0.750000
s 0
f 1/1/1 2/2/1 4/3/1 3/4/1
f 3/4/2 4/3/2 8/5/2 7/6/2
f 7/6/3 8/5/3 6/7/3 5/8/3
f 5/8/4 6/7/4 2/9/4 1/10/4
f 3/11/5 7/6/5 5/8/5 1/12/5
f 8/5/6 4/13/6 2/14/6 6/7/6
o Cube.001
v -1.137644 -0.166659 0.743546
v -1.151561 0.031395 0.767652
v -0.147376 0.111688 -0.971648
v -0.161293 0.309741 -0.947543
v -0.964439 -0.166659 0.843546
v -0.978356 0.031395 0.867652
v 0.025829 0.111688 -0.871648
v 0.011912 0.309741 -0.847543
vn -0.8660 -0.0000 -0.5000
vn 0.4951 0.1392 -0.8576
vn 0.8660 -0.0000 0.5000
vn -0.4951 -0.1392 0.8576
vn 0.0696 -0.9903 -0.1205
vn -0.0696 0.9903 0.1205
vt 0.375000 0.000000
vt 0.625000 0.000000
vt 0.625000 0.250000
vt 0.375000 0.250000
vt 0.625000 0.500000
vt 0.375000 0.500000
vt 0.625000 0.750000
vt 0.375000 0.750000
vt 0.625000 1.000000
vt 0.375000 1.000000
vt 0.125000 0.500000
vt 0.125000 0.750000
vt 0.875000 0.500000
vt 0.875000 0.750000
s 0
f 9/15/7 10/16/7 12/17/7 11/18/7
f 11/18/8 12/17/8 16/19/8 15/20/8
f 15/20/9 16/19/9 14/21/9 13/22/9
f 13/22/10 14/21/10 10/23/10 9/24/10
f 11/25/11 15/20/11 13/22/11 9/26/11
f 16/19/12 12/27/12 10/28/12 14/21/12
o Cube.002
v -0.439301 0.412226 -0.768931
v -0.413419 0.605412 -0.724102
v 0.526625 -0.105412 0.904102
v 0.552506 0.087774 0.948931
v -0.612506 0.412226 -0.668931
v -0.586625 0.605412 -0.624102
v 0.353419 -0.105412 1.004102
v 0.379301 0.087774 1.048931
vn 0.8660 -0.0000 -0.5000
vn 0.4830 -0.2588 0.8365
vn -0.8660 -0.0000 0.5000
vn -0.4830 0.2588 -0.8365
vn -0.1294 -0.9659 -0.2241
vn 0.1294 0.9659 0.2241
vt 0.375000 0.000000
vt 0.625000 0.000000
vt 0.625000 0.250000
vt 0.375000 0.250000
vt 0.625000 0.500000
vt 0.375000 0.500000
vt 0.625000 0.750000
vt 0.375000 0.750000
vt 0.625000 1.000000
vt 0.375000 1.000000
vt 0.125000 0.500000
vt 0.125000 0.750000
vt 0.875000 0.500000
vt 0.875000 0.750000
s 0
f 17/29/13 18/30/13 20/31/13 19/32/13
f 19/32/14 20/31/14 24/33/14 23/34/14
f 23/34/15 24/33/15 22/35/15 21/36/15
f 21/36/16 22/35/16 18/37/16 17/38/16
f 19/39/17 23/34/17 21/36/17 17/40/17
f 24/33/18 20/41/18 18/42/18 22/35/18
o Cube.003
v 0.592473 -0.100000 1.003863
v 0.592473 0.100000 1.003863
v 0.487801 -0.100000 -0.993396
v 0.487801 0.100000 -0.993396
v 0.792199 -0.100000 0.993396
v 0.792199 0.100000 0.993396
v 0.687527 -0.100000 -1.003863
v 0.687527 0.100000 -1.003863
vn -0.9986 -0.0000 0.0523
vn -0.0523 -0.0000 -0.9986
vn 0.9986 -0.0000 -0.0523
vn 0.0523 -0.0000 0.9986
vn -0.0000 -1.0000 -0.0000
vn -0.0000 1.0000 -0.0000
vt 0.375000 0.000000
vt 0.625000 0.000000
vt 0.625000 0.250000
vt 0.375000 0.250000
vt 0.625000 0.500000
vt 0.375000 0.500000
vt 0.625000 0.750000
vt 0.375000 0.750000
vt 0.625000 1.000000
vt 0.375000 1.000000
vt 0.125000 0.500000
vt 0.125000 0.750000
vt 0.875000 0.500000
vt 0.875000 0.750000
s 0
f 25/43/19 26/44/19 28/45/19 27/46/19
f 27/46/20 28/45/20 32/47/20 31/48/20
f 31/48/21 32/47/21 30/49/21 29/50/21
f 29/50/22 30/49/22 26/51/22 25/52/22
f 27/53/23 31/48/23 29/50/23 25/54/23
f 32/47/24 28/55/24 26/56/24 30/49/24
o Cube.004
v 0.045896 0.334892 0.940311
v 0.062444 0.528951 0.894845
v 0.709617 -0.148951 -0.883249
v 0.726166 0.045108 -0.928715
v 0.233834 0.334892 1.008715
v 0.250383 0.528951 0.963249
v 0.897556 -0.148951 -0.814844
v 0.914104 0.045108 -0.860311
vn -0.9397 -0.0000 -0.3420
vn 0.3319 -0.2419 -0.9118
vn 0.9397 -0.0000 0.3420
vn -0.3319 0.2419 0.9118
vn -0.0827 -0.9703 0.2273
vn 0.0827 0.9703 -0.2273
vt 0.375000 0.000000
vt 0.625000 0.000000
vt 0.625000 0.250000
vt 0.375000 0.250000
vt 0.625000 0.500000
vt 0.375000 0.500000
vt 0.625000 0.750000
vt 0.375000 0.750000
vt 0.625000 1.000000
vt 0.375000 1.000000
vt 0.125000 0.500000
vt 0.125000 0.750000
vt 0.875000 0.500000
vt 0.875000 0.750000
s 0
f 33/57/25 34/58/25 36/59/25 35/60/25
f 35/60/26 36/59/26 40/61/26 39/62/26
f 39/62/27 40/61/27 38/63/27 37/64/27
f 37/64/28 38/63/28 34/65/28 33/66/28
f 35/67/29 39/62/29 37/64/29 33/68/29
f 40/61/30 36/69/30 34/70/30 38/63/30
o Cube.005
v -0.302486 -0.100000 0.996865
v -0.302486 0.100000 0.996865
v -0.752388 -0.100000 -0.951875
v -0.752388 0.100000 -0.951875
v -0.107612 -0.100000 0.951875
v -0.107612 0.100000 0.951875
v -0.557514 -0.100000 -0.996865
v -0.557514 0.100000 -0.996865
vn -0.9744 -0.0000 0.2250
vn -0.2250 -0.0000 -0.9744
vn 0.9744 -0.0000 -0.2250
vn 0.2250 -0.0000 0.9744
vn -0.0000 -1.0000 -0.0000
vn -0.0000 1.0000 -0.0000
vt 0.375000 0.000000
vt 0.625000 0.000000
vt 0.625000 0.250000
vt 0.375000 0.250000
vt 0.625000 0.500000
vt 0.375000 0.500000
vt 0.625000 0.750000
vt 0.375000 0.750000
vt 0.625000 1.000000
vt 0.375000 1.000000
vt 0.125000 0.500000
vt 0.125000 0.750000
vt 0.875000 0.500000
vt 0.875000 0.750000
s 0
f 41/71/31 42/72/31 44/73/31 43/74/31
f 43/74/32 44/73/32 48/75/32 47/76/32
f 47/76/33 48/75/33 46/77/33 45/78/33
f 45/78/34 46/77/34 42/79/34 41/80/34
f 43/81/35 47/76/35 45/78/35 41/82/35
f 48/75/36 44/83/36 42/84/36 46/77/36
o Cube.006
v -0.837135 0.484892 -0.247920
v -0.789640 0.678951 -0.238688
v 1.067802 0.001049 0.122362
v 1.115297 0.195108 0.131595
v -0.875297 0.484892 -0.051595
v -0.827802 0.678951 -0.042362
v 1.029640 0.001049 0.318688
v 1.077135 0.195108 0.327920
vn 0.1908 -0.0000 -0.9816
vn 0.9525 -0.2419 0.1851
vn -0.1908 -0.0000 0.9816
vn -0.9525 0.2419 -0.1851
vn -0.2375 -0.9703 -0.0462
vn 0.2375 0.9703 0.0462
vt 0.375000 0.000000
vt 0.625000 0.000000
vt 0.625000 0.250000
vt 0.375000 0.250000
vt 0.625000 0.500000
vt 0.375000 0.500000
vt 0.625000 0.750000
vt 0.375000 0.750000
vt 0.625000 1.000000
vt 0.375000 1.000000
vt 0.125000 0.500000
vt 0.125000 0.750000
vt 0.875000 0.500000
vt 0.875000 0.750000
s 0
f 49/85/37 50/86/37 52/87/37 51/88/37
f 51/88/38 52/87/38 56/89/38 55/90/38
f 55/90/39 56/89/39 54/91/39 53/92/39
f 53/92/40 54/91/40 50/93/40 49/94/40
f 51/95/41 55/90/41 53/92/41 49/96/41
f 56/89/42 52/97/42 50/98/42 54/91/42
o Cube.007
v -0.992997 0.020487 0.974709
v -0.994455 0.220000 0.988584
v -0.784449 0.160000 -1.009490
v -0.785908 0.359513 -0.995615
v -0.794093 0.020487 0.995615
v -0.795551 0.220000 1.009490
v -0.585545 0.160000 -0.988584
v -0.587003 0.359513 -0.974709
vn -0.9945 -0.0000 -0.1045
vn 0.1043 0.0698 -0.9921
vn 0.9945 -0.0000 0.1045
vn -0.1043 -0.0698 0.9921
vn 0.0073 -0.9976 -0.0694
vn -0.0073 0.9976 0.0694
vt 0.375000 0.000000
vt 0.625000 0.000000
vt 0.625000 0.250000
vt 0.375000 0.250000
vt 0.625000 0.500000
vt 0.375000 0.500000
vt 0.625000 0.750000
vt 0.375000 0.750000
vt 0.625000 1.000000
vt 0.375000 1.000000
vt 0.125000 0.500000
vt 0.125000 0.750000
vt 0.875000 0.500000
vt 0.875000 0.750000
s 0
f 57/99/43 58/100/43 60/101/43 59/102/43
f 59/102/44 60/101/44 64/103/44 63/104/44
f 63/104/45 64/103/45 62/105/45 61/106/45
f 61/106/46 62/105/46 58/107/46 57/108/46
f 59/109/47 63/104/47 61/106/47 57/110/47
f 64/103/48 60/111/48 58/112/48 62/105/48
